[1032    1]
[97  1]
[1639    1]
[1122    1]
[1123    1]
[88  1]
[89  1]
[90  1]
[91  1]
[92  1]
[93  1]
[94  1]
[95  1]
[96  1]
[1121    1]
[98  1]
[99  1]
[1124    1]
[101   1]
[1126    1]
[1127    1]
[1128    1]
[1129    1]
[1642    1]
[1643    1]
[1132    1]
[1645    1]
[1134    1]
[1647    1]
[1648    1]
[1640    1]
[1180    1]
[1651    1]
[1652    1]
[1653    1]
[1654    1]
[1655    1]
[1656    1]
[1657    1]
[1658    1]
[1659    1]
[1660    1]
[1130    1]
[1662    1]
[1131    1]
[1641    1]
[1644    1]
[1133    1]
[147   1]
[148   1]
[1646    1]
[150   1]
[151   1]
[152   1]
[153   1]
[154   1]
[155   1]
[156   1]
[157   1]
[158   1]
[159   1]
[160   1]
[161   1]
[162   1]
[1187    1]
[1188    1]
[1189    1]
[1190    1]
[1191    1]
[1192    1]
[1193    1]
[1194    1]
[1195    1]
[1196    1]
[1650    1]
[1184    1]
[1661    1]
[1649    1]
[149   1]
[1441    1]
[1442    1]
[1443    1]
[1444    1]
[1445    1]
[1446    1]
[1447    1]
[1448    1]
[1449    1]
[1450    1]
[1451    1]
[1452    1]
[1453    1]
[1454    1]
[1181    1]
[1182    1]
[1183    1]
[100   1]
[1185    1]
[1186    1]
[163   1]
[1125    1]
[824   2]
[825   2]
[826   2]
[827   2]
[828   2]
[829   2]
[830   2]
[831   2]
[832   2]
[833   2]
[834   2]
[835   2]
[836   2]
[837   2]
[838   2]
[839   2]
[840   2]
[841   2]
[842   2]
[843   2]
[844   2]
[845   2]
[846   2]
[847   2]
[848   2]
[849   2]
[850   2]
[851   2]
[852   2]
[853   2]
[854   2]
[855   2]
[856   2]
[857   2]
[858   2]
[859   2]
[860   2]
[861   2]
[862   2]
[863   2]
[864   2]
[865   2]
[866   2]
[867   2]
[868   2]
[869   2]
[870   2]
[871   2]
[872   2]
[873   2]
[874   2]
[875   2]
[876   2]
[877   2]
[878   2]
[879   2]
[880   2]
[881   2]
[882   2]
[883   2]
[884   2]
[885   2]
[886   2]
[887   2]
[888   2]
[889   2]
[890   2]
[898   3]
[899   3]
[900   3]
[901   3]
[902   3]
[903   3]
[904   3]
[905   3]
[906   3]
[907   3]
[908   3]
[909   3]
[910   3]
[911   3]
[912   3]
[913   3]
[914   3]
[915   3]
[916   3]
[917   3]
[918   3]
[919   3]
[920   3]
[921   3]
[922   3]
[923   3]
[924   3]
[925   3]
[926   3]
[927   3]
[1966    3]
[943   3]
[944   3]
[949   3]
[950   3]
[951   3]
[952   3]
[953   3]
[954   3]
[955   3]
[956   3]
[957   3]
[958   3]
[959   3]
[960   3]
[961   3]
[962   3]
[963   3]
[964   3]
[965   3]
[966   3]
[967   3]
[968   3]
[969   3]
[970   3]
[971   3]
[972   3]
[892   3]
[2053    5]
[2054    5]
[2073    5]
[2074    5]
[2075    5]
[2076    5]
[2077    5]
[2078    5]
[2079    5]
[2080    5]
[2081    5]
[2082    5]
[2083    5]
[2084    5]
[2085    5]
[2086    5]
[2089    5]
[2090    5]
[2091    5]
[2092    5]
[2093    5]
[2094    5]
[2095    5]
[2096    5]
[2097    5]
[2098    5]
[2099    5]
[2100    5]
[2101    5]
[2102    5]
[2103    5]
[2104    5]
[2105    5]
[2106    5]
[2107    5]
[2108    5]
[2109    5]
[2110    5]
[2111    5]
[2112    5]
[2113    5]
[2114    5]
[2115    5]
[2116    5]
[2117    5]
[2118    5]
[2119    5]
[2120    5]
[2121    5]
[2122    5]
[2123    5]
[2124    5]
[2125    5]
[2126    5]
[2127    5]
[2128    5]
[2129    5]
[2130    5]
[2131    5]
[2132    5]
[2133    5]
[2134    5]
[2135    5]
[2136    5]
[2137    5]
[2138    5]
[2139    5]
[2141    5]
[2142    5]
[1931    5]
[1932    5]
[1933    5]
[1934    5]
[1935    5]
[1944    5]
[1951    5]
[1952    5]
[1953    5]
[1954    5]
[1955    5]
[1956    5]
[1957    5]
[1958    5]
[1959    5]
[1960    5]
[1964    5]
[1965    5]
[1969    5]
[1970    5]
[1971    5]
[1972    5]
[1974    5]
[1978    5]
[1979    5]
[1980    5]
[1983    5]
[1984    5]
[1985    5]
[1986    5]
[1987    5]
[1988    5]
[1989    5]
[1990    5]
[1991    5]
[1992    5]
[1993    5]
[1994    5]
[1995    5]
[1996    5]
[1997    5]
[1998    5]
[2003    5]
[2004    5]
[2005    5]
[2006    5]
[2007    5]
[2008    5]
[2009    5]
[2010    5]
[2013    5]
[2014    5]
[2015    5]
[2018    5]
[2019    5]
[2020    5]
[2021    5]
[2022    5]
[2023    5]
[2024    5]
[2025    5]
[2026    5]
[2027    5]
[2028    5]
[2029    5]
[2030    5]
[2031    5]
[2032    5]
[2033    5]
[2034    5]
[2035    5]
[2037    5]
[2038    5]
[2039    5]
[2040    5]
[2041    5]
[2042    5]
[2043    5]
[573   7]
[574   7]
[512   9]
[513   9]
[514   9]
[515   9]
[519   9]
[567   9]
[571   9]
[575   9]
[576   9]
[577   9]
[578   9]
[581   9]
[70  9]
[353   9]
[1103    9]
[600   9]
[601   9]
[447   9]
[639   9]
[704   9]
[705   9]
[220   9]
[1249    9]
[502   9]
[275   9]
[276   9]
[277   9]
[278   9]
[279   9]
[280   9]
[281   9]
[282   9]
[287   9]
[288   9]
[289   9]
[290   9]
[291   9]
[292   9]
[293   9]
[294   9]
[295   9]
[296   9]
[297   9]
[298   9]
[299   9]
[300   9]
[301   9]
[311   9]
[312   9]
[313   9]
[314   9]
[315   9]
[316   9]
[317   9]
[318   9]
[319   9]
[320   9]
[321   9]
[322   9]
[323   9]
[324   9]
[325   9]
[326   9]
[327   9]
[328   9]
[329   9]
[330   9]
[331   9]
[332   9]
[333   9]
[334   9]
[335   9]
[336   9]
[342   9]
[343   9]
[344   9]
[345   9]
[346   9]
[347   9]
[348   9]
[349   9]
[350   9]
[1377    9]
[354   9]
[355   9]
[356   9]
[357   9]
[358   9]
[360   9]
[361   9]
[362   9]
[363   9]
[364   9]
[365   9]
[368   9]
[372   9]
[373   9]
[374   9]
[375   9]
[376   9]
[377   9]
[378   9]
[379   9]
[388   9]
[389   9]
[390   9]
[391   9]
[392   9]
[393   9]
[396   9]
[397   9]
[398   9]
[399   9]
[400   9]
[403   9]
[404   9]
[405   9]
[406   9]
[407   9]
[408   9]
[409   9]
[410   9]
[411   9]
[412   9]
[413   9]
[414   9]
[1531    9]
[419   9]
[420   9]
[421   9]
[422   9]
[423   9]
[424   9]
[425   9]
[426   9]
[427   9]
[430   9]
[431   9]
[432   9]
[433   9]
[434   9]
[435   9]
[436   9]
[437   9]
[438   9]
[439   9]
[440   9]
[441   9]
[442   9]
[446   9]
[501   9]
[448   9]
[449   9]
[452   9]
[453   9]
[454   9]
[455   9]
[456   9]
[457   9]
[458   9]
[503   9]
[470   9]
[472   9]
[473   9]
[474   9]
[475   9]
[476   9]
[477   9]
[478   9]
[479   9]
[480   9]
[481   9]
[482   9]
[483   9]
[484   9]
[935   9]
[492   9]
[493   9]
[494   9]
[495   9]
[496   9]
[497   9]
[498   9]
[499   9]
[500   9]
[1525    9]
[1526    9]
[1527    9]
[504   9]
[507   9]
[508   9]
[509   9]
[510   9]
[511   9]
[1537   11]
[1538   11]
[1539   11]
[1540   11]
[1541   11]
[1414   11]
[1415   11]
[1544   11]
[1545   11]
[1546   11]
[1547   11]
[1945   11]
[1946   11]
[1947   11]
[1948   11]
[1949   11]
[1950   11]
[1925   11]
[1542   11]
[169  11]
[1543   11]
[1927   11]
[1928   11]
[1202   11]
[1929   11]
[1924   11]
[1930   11]
[1615   11]
[1493   11]
[1494   11]
[1623   11]
[1624   11]
[1625   11]
[1626   11]
[1627   11]
[1628   11]
[1629   11]
[1630   11]
[1764   11]
[1765   11]
[1894   11]
[1895   11]
[1896   11]
[1897   11]
[1900   11]
[1901   11]
[1907   11]
[1926   11]
[1914   11]
[1915   11]
[1376   13]
[1433   13]
[1382   13]
[69 15]
[1102   15]
[1793   17]
[1794   17]
[1795   17]
[1563   17]
[1572   17]
[1573   17]
[1574   17]
[1575   17]
[1576   17]
[1593   17]
[1594   17]
[1595   17]
[1602   17]
[1616   17]
[1621   17]
[1684   17]
[1685   17]
[1686   17]
[1687   17]
[1688   17]
[1689   17]
[1691   17]
[1692   17]
[1693   17]
[1694   17]
[1695   17]
[1696   17]
[1697   17]
[1698   17]
[1699   17]
[1700   17]
[1701   17]
[1702   17]
[1712   17]
[1713   17]
[1714   17]
[1715   17]
[1716   17]
[1717   17]
[1719   17]
[1720   17]
[1721   17]
[1722   17]
[1723   17]
[1724   17]
[1728   17]
[1729   17]
[1730   17]
[1731   17]
[1732   17]
[1733   17]
[1734   17]
[1735   17]
[1736   17]
[1737   17]
[1738   17]
[1739   17]
[1740   17]
[1741   17]
[1742   17]
[1743   17]
[1744   17]
[1745   17]
[1752   17]
[1754   17]
[1755   17]
[1756   17]
[1757   17]
[1758   17]
[1759   17]
[1760   17]
[1761   17]
[1762   17]
[1763   17]
[1772   17]
[1773   17]
[1774   17]
[1775   17]
[1776   17]
[1777   17]
[1268   17]
[1786   17]
[1787   17]
[1788   17]
[1789   17]
[1790   17]
[1791   17]
[1792   17]
[257  17]
[258  17]
[259  17]
[260  17]
[1802   17]
[782  17]
[1810   17]
[1811   17]
[1812   17]
[1813   17]
[1814   17]
[1815   17]
[1816   17]
[1817   17]
[1822   17]
[1823   17]
[1824   17]
[1825   17]
[1828   17]
[1829   17]
[1830   17]
[1831   17]
[1832   17]
[1839   17]
[1840   17]
[1841   17]
[1842   17]
[1843   17]
[1848   17]
[1849   17]
[1850   17]
[1862   17]
[1863   17]
[1864   17]
[1865   17]
[1866   17]
[1867   17]
[1868   17]
[1869   17]
[1870   17]
[1871   17]
[1872   17]
[1873   17]
[1874   17]
[1875   17]
[1891   17]
[1067   21]
[1068   21]
[23 21]
[14 21]
[1069   21]
[16 21]
[1048   21]
[18 21]
[19 21]
[20 21]
[21 21]
[22 21]
[1047   21]
[24 21]
[25 21]
[26 21]
[1051   21]
[1052   21]
[29 21]
[30 21]
[31 21]
[1056   21]
[33 21]
[34 21]
[35 21]
[36 21]
[37 21]
[38 21]
[1063   21]
[40 21]
[41 21]
[42 21]
[43 21]
[44 21]
[45 21]
[1070   21]
[1053   21]
[27 21]
[1073   21]
[1074   21]
[1075   21]
[1076   21]
[1054   21]
[1078   21]
[1055   21]
[1468   21]
[1469   21]
[1077   21]
[32 21]
[67 21]
[1462   21]
[1057   21]
[74 21]
[1100   21]
[1058   21]
[28 21]
[1071   21]
[1107   21]
[1064   21]
[1060   21]
[15 21]
[1061   21]
[1066   21]
[1467   21]
[1059   21]
[1062   21]
[1049   21]
[39 21]
[241  21]
[1065   21]
[937  21]
[1072   21]
[938  21]
[2048   24]
[2049   24]
[2050   24]
[2051   24]
[2052   24]
[2070   24]
[2056   24]
[1033   24]
[2058   24]
[2059   24]
[2060   24]
[2061   24]
[2062   24]
[2063   24]
[1936   24]
[1937   24]
[2066   24]
[2067   24]
[2068   24]
[2069   24]
[1942   24]
[2071   24]
[2072   24]
[1940   24]
[1369   24]
[2087   24]
[2088   24]
[1705   24]
[1706   24]
[1963   24]
[1010   24]
[1967   24]
[1968   24]
[1160   24]
[1973   24]
[2057   24]
[59 24]
[1034   24]
[1035   24]
[1092   24]
[2047   24]
[582  24]
[2017   24]
[1999   24]
[80 24]
[2001   24]
[2002   24]
[1368   24]
[1113   24]
[2011   24]
[2064   24]
[998  24]
[2065   24]
[1514   24]
[127  24]
[1938   24]
[112  24]
[114  24]
[1939   24]
[1961   24]
[1145   24]
[1147   24]
[2044   24]
[1962   24]
[1941   24]
[896  25]
[897  25]
[1155   25]
[776  25]
[779  25]
[780  25]
[1709   25]
[784  25]
[1943   25]
[930  25]
[807  25]
[812  25]
[813  25]
[177  25]
[1210   25]
[1345   25]
[1352   25]
[79 25]
[594  25]
[1112   25]
[1370   25]
[1502   25]
[1769   25]
[747  25]
[756  25]
[122  25]
[10 26]
[1111   26]
[12 26]
[17 26]
[1043   26]
[1045   26]
[1050   26]
[632  26]
[1581   26]
[605  26]
[50 26]
[1118   26]
[58 26]
[1083   26]
[61 26]
[1120   26]
[1091   26]
[1094   26]
[588  26]
[589  26]
[78 26]
[592  26]
[593  26]
[84 26]
[597  26]
[598  26]
[87 26]
[604  26]
[1117   26]
[606  26]
[607  26]
[608  26]
[609  26]
[610  26]
[611  26]
[612  26]
[613  26]
[614  26]
[615  26]
[616  26]
[617  26]
[618  26]
[619  26]
[620  26]
[621  26]
[110  26]
[623  26]
[624  26]
[625  26]
[626  26]
[627  26]
[628  26]
[631  26]
[1144   26]
[640  26]
[641  26]
[642  26]
[643  26]
[132  26]
[645  26]
[646  26]
[647  26]
[648  26]
[649  26]
[1163   26]
[1164   26]
[1165   26]
[622  26]
[1174   26]
[111  26]
[670  26]
[671  26]
[672  26]
[673  26]
[674  26]
[675  26]
[676  26]
[677  26]
[166  26]
[679  26]
[680  26]
[681  26]
[1197   26]
[1198   26]
[1199   26]
[1200   26]
[1201   26]
[183  26]
[1216   26]
[715  26]
[711  26]
[712  26]
[713  26]
[714  26]
[1143   26]
[716  26]
[717  26]
[718  26]
[719  26]
[720  26]
[721  26]
[722  26]
[723  26]
[724  26]
[725  26]
[726  26]
[727  26]
[728  26]
[729  26]
[730  26]
[731  26]
[732  26]
[733  26]
[734  26]
[735  26]
[736  26]
[737  26]
[738  26]
[739  26]
[740  26]
[741  26]
[130  26]
[131  26]
[820  26]
[821  26]
[141  26]
[1387   26]
[1388   26]
[1389   26]
[1390   26]
[1391   26]
[1392   26]
[1397   26]
[1476   26]
[1477   26]
[1478   26]
[1479   26]
[1487   26]
[164  26]
[988  26]
[165  26]
[1508   26]
[678  26]
[167  26]
[168  26]
[1011   26]
[1012   26]
[1013   26]
[1014   26]
[1015   26]
[1016   26]
[1017   26]
[1018   26]
[1019   26]
[1020   26]
[1021   26]
[1022   26]
[85 26]
[1555   27]
[1556   27]
[1564   27]
[1565   27]
[1566   27]
[1567   27]
[1568   27]
[1569   27]
[1570   27]
[1571   27]
[1579   27]
[1580   27]
[1583   27]
[1584   27]
[1585   27]
[1586   27]
[1587   27]
[1588   27]
[1589   27]
[1590   27]
[1591   27]
[1592   27]
[1597   27]
[1598   27]
[1600   27]
[1603   27]
[1604   27]
[1605   27]
[1606   27]
[1607   27]
[1609   27]
[1610   27]
[1611   27]
[1612   27]
[1622   27]
[1631   27]
[1636   27]
[1637   27]
[1638   27]
[103  27]
[104  27]
[1136   27]
[1137   27]
[1673   27]
[1674   27]
[1675   27]
[652  27]
[1677   27]
[1678   27]
[1679   27]
[1680   27]
[1681   27]
[1682   27]
[659  27]
[660  27]
[661  27]
[662  27]
[663  27]
[664  27]
[665  27]
[666  27]
[667  27]
[1225   27]
[1226   27]
[1227   27]
[1228   27]
[1229   27]
[1230   27]
[1231   27]
[1232   27]
[1233   27]
[1234   27]
[1235   27]
[1236   27]
[1237   27]
[1238   27]
[1239   27]
[1240   27]
[1241   27]
[1242   27]
[650  27]
[651  27]
[1676   27]
[653  27]
[654  27]
[655  27]
[656  27]
[657  27]
[658  27]
[1683   27]
[1434   27]
[1457   27]
[1466   27]
[1489   27]
[1490   27]
[1491   27]
[1492   27]
[999  27]
[1000   27]
[1008   27]
[1481   28]
[1146   28]
[11 28]
[1044   28]
[113  28]
[1664   29]
[1665   29]
[1666   29]
[1411   29]
[1412   29]
[1669   29]
[1670   29]
[1409   29]
[1672   29]
[1290   29]
[1291   29]
[1548   29]
[1549   29]
[1550   29]
[1551   29]
[1553   29]
[1554   29]
[1557   29]
[1558   29]
[1560   29]
[1561   29]
[669  29]
[1439   29]
[763  29]
[1456   29]
[819  29]
[1378   29]
[1619   29]
[1620   29]
[1371   29]
[1247   29]
[1633   29]
[1634   29]
[1403   29]
[744  29]
[1410   29]
[1009   29]
[1271   29]
[1272   29]
[761  29]
[762  29]
[635  29]
[1404   29]
[1405   29]
[1406   29]
