[  40.01179123  116.29692841]
[  40.00856781  116.29669189]
[  40.01132584  116.29668427]
[  40.00860596  116.32299042]
[  40.00909805  116.32106781]
[  39.9966011  116.3219986]
[  39.99105453  116.31635284]
[  39.99065018  116.31739044]
[  39.99066925  116.31729126]
[  40.00654602  116.31700134]
[  40.00714111  116.3207016 ]
[  40.00002289  116.32724762]
[  40.00797653  116.31958771]
[  39.99996567  116.32740021]
[  40.00982666  116.31523132]
[  40.00954437  116.31526184]
[  40.00941086  116.3157196 ]
[  40.00765228  116.31945801]
[  40.00971222  116.31520081]
[  40.00980759  116.31534576]
[  40.00974274  116.3152771 ]
[  40.00973892  116.31516266]
[  40.00967026  116.31517029]
[  40.00963974  116.31504822]
[  40.00964737  116.31516266]
[  40.00964355  116.31513977]
[  40.00970459  116.31491089]
[  40.0096817   116.31501007]
[  40.00970459  116.3150177 ]
[  40.00961685  116.31530762]
[  40.00956345  116.3156662 ]
[  40.00959396  116.31522369]
[  40.00952148  116.31525421]
[  40.00971985  116.31517029]
[  40.00964355  116.31511688]
[  40.00969696  116.31512451]
[  40.00967789  116.31508636]
[  40.00965881  116.31507874]
[  40.0096283   116.31519318]
[  40.00971222  116.31494141]
[  40.00967407  116.31505585]
[  40.009655    116.31519318]
[  40.00976562  116.31509399]
[  40.00975418  116.31504822]
[  40.00965118  116.31510162]
[  40.00970078  116.31510925]
[  40.00029755  116.32709503]
[  40.00011063  116.32720184]
[  39.93748856  116.3900528 ]
[  39.76351166  116.29738617]
[  40.00719452  116.32070923]
[  39.94566345  116.79450226]
[  39.94577408  116.79438782]
[  40.00016785  116.32727814]
[  39.97343826  116.33236694]
[  39.90171051  116.40875244]
[  39.94701767  116.78300476]
[  39.94863129  116.79825592]
[  40.00684738  116.32089233]
[  39.99607086  116.32746887]
[  40.00033951  116.32741547]
[  40.00753784  116.32016754]
[  39.94002151  116.31501007]
[  39.93925095  116.31240082]
[  39.9379425   116.32279205]
[  39.95096207  116.32902527]
[  39.95101929  116.3290329 ]
[  40.00976181  116.31517792]
[  40.00342178  116.30466461]
[  40.0114975   116.30152893]
[  39.92261505  116.35114288]
[  39.90824509  116.36807251]
[  39.90838623  116.36723328]
[  39.90753937  116.36816406]
[  40.00956726  116.31532288]
[  39.99989319  116.32733154]
[  39.99702454  116.32672882]
[  39.99728775  116.32657623]
[  40.00740814  116.31911469]
[  39.99157333  116.32718658]
[  39.9961586  116.3293457]
[  39.99994659  116.32723236]
[  39.99676514  116.32666779]
[  39.99990845  116.32695007]
[  40.00751495  116.32007599]
[  40.00811005  116.31959534]
[  39.9998436   116.32705688]
[  40.00616455  116.32049561]
[  31.16952705  121.4008255 ]
[  31.19482803  121.43649292]
[  31.19480133  121.43636322]
[  31.19661713  121.43323517]
[  31.22104645  121.41555023]
[  31.2243557   121.42205811]
[  31.22305489  121.42243958]
[  31.22467804  121.42230225]
[  31.23034286  121.46940613]
[  31.23898888  121.47890472]
[  31.2391777   121.47893524]
[  31.23914146  121.47904205]
[  31.22313118  121.42218781]
[  31.22320366  121.42229462]
[  39.99260712  116.32620239]
[  40.01173782  116.32142639]
[  40.01221848  116.3216095 ]
[  39.86460495  116.42812347]
[  39.86457062  116.4298172 ]
[  39.87286758  116.43315125]
[  39.87428284  116.4367981 ]
[  39.87370682  116.43340302]
[  40.00730133  116.32014465]
[  40.00803757  116.32057953]
[  39.99560547  116.3279953 ]
[  40.          116.32723236]
[  39.99497223  116.32834625]
[  39.97294617  116.38163757]
[  40.00260925  116.32636261]
[  40.00249481  116.3263092 ]
[  40.00252151  116.32623291]
[  40.00250244  116.32636261]
[  40.00666809  116.32196808]
[  40.00004196  116.32736206]
[  39.99186325  116.32757568]
[  40.00419235  116.32280731]
[  39.98270035  116.31021881]
[  40.00025558  116.32701111]
[  40.00287628  116.32522583]
[  39.99542236  116.32782745]
[  40.00020599  116.32752991]
[  40.00009537  116.32374573]
[  40.00828934  116.32100677]
[  40.00670624  116.32015228]
[  40.00878143  116.31906891]
[  40.00096893  116.32740021]
[  40.00080109  116.32765198]
[  40.00066376  116.32788086]
[  40.0005455   116.32798767]
[  40.00084686  116.32765198]
[  40.0007782   116.32766724]
[  40.00091553  116.32743073]
[  40.0007515   116.32732391]
[  40.00811768  116.3196106 ]
[  40.00324249  116.3276825 ]
[  40.0032196   116.32769775]
[  40.00091934  116.32826996]
[  40.0008812   116.32728577]
[  40.00079727  116.32733917]
[  31.30232239  121.50927734]
[  31.29612732  121.54482269]
[  31.29615211  121.54483032]
[  31.29604912  121.54482269]
[  31.29606438  121.54476929]
[  31.28880882  121.54997253]
[  31.28843307  121.54925537]
[  31.1138134   121.05122375]
[  31.10965919  121.049263  ]
[  31.1113205   121.04986572]
[  31.11138153  121.05001068]
[  31.11227989  121.05023193]
[  31.11521149  121.04892731]
[  31.11558723  121.04808807]
[  31.11510468  121.04837799]
[  31.11550713  121.04912567]
[  31.29605675  121.54466248]
[  40.00812912  116.3195343 ]
[  40.00790405  116.31938171]
[  40.00749207  116.31929016]
[  40.00819778  116.31938171]
[  40.00860977  116.31925964]
[  39.95789337  116.35585785]
[  39.99534607  116.31021118]
[  39.99562454  116.31035614]
[  39.9956665  116.3099823]
[  39.99521255  116.3094101 ]
[  39.99495697  116.31082153]
[  39.9952507  116.310112 ]
[  40.00614548  116.31607056]
[  39.9916153   116.32884979]
[  39.99538803  116.31034851]
[  39.99538803  116.31025696]
[  39.99541092  116.31031799]
[  40.0007515   116.32790375]
[  39.9998703   116.32714081]
[  40.00789642  116.3194046 ]
[  40.08036804  116.23631287]
[  40.08045959  116.23649597]
[  40.01380539  116.30648041]
[  40.01379776  116.30649567]
[  40.0138092   116.30651093]
[  40.0138092   116.30651855]
[  40.01315308  116.30688477]
[  40.01392746  116.30632019]
[  40.01383209  116.30648041]
[  40.01378632  116.30644226]
[  40.01380157  116.30648041]
[  40.01380539  116.30651093]
[  40.01486206  116.3059082 ]
[  40.01396561  116.30630493]
[  40.00365067  116.31290436]
[  39.99961472  116.31832123]
[  40.00566483  116.31616211]
[  40.01353836  116.30671692]
[  39.97980881  116.32635498]
[  40.01377487  116.30658722]
[  40.01379013  116.30654907]
[  40.01378632  116.30653381]
[  40.01375198  116.30649567]
[  40.01373291  116.30653381]
[  40.01379395  116.30654144]
[  40.0137825  116.3065567]
[  40.01374817  116.30654144]
[  40.0137825   116.30654907]
[  40.01379013  116.30657959]
[  40.0138092   116.30651855]
[  40.01376343  116.30654907]
[  40.0137825   116.30651855]
[  40.01382065  116.30651855]
[  40.01380157  116.30651093]
[  39.9665184   116.35933685]
[  40.01361084  116.30666351]
[  39.93622208  116.33182526]
[  39.9817276   116.32740784]
[  39.98260498  116.32839966]
[  39.98340988  116.32935333]
[  39.98342896  116.32937622]
[  39.98339462  116.32939911]
[  39.98165131  116.32789612]
[  39.98318481  116.32822418]
[  40.07604218  116.3416214 ]
[  40.07595825  116.3416748 ]
[  40.07594681  116.34165955]
[  40.07597351  116.34166718]
[  40.01371765  116.30632782]
[  39.9867363   116.34755707]
[  39.98225403  116.32878876]
[  39.99823761  116.32463074]
[  39.99834061  116.32488251]
[  39.99863052  116.32554626]
[  39.99853134  116.3250885 ]
[  39.99851227  116.32518768]
[  39.99857712  116.3250351 ]
[  40.00889587  116.3166275 ]
[  40.01380157  116.30647278]
[  39.98158264  116.32752228]
[  40.00152206  116.32287598]
[  39.99830246  116.32567596]
[  39.99825668  116.32618713]
[  39.99797058  116.32633972]
[  39.97760773  116.32704163]
[  39.97893524  116.32824707]
[  39.96126938  116.43930054]
[  39.96133804  116.43909454]
[  39.96176529  116.43806458]
[  39.96139145  116.43609619]
[  39.96076202  116.436409  ]
[  40.01575851  116.3055954 ]
[  40.01432419  116.3061676 ]
[  39.97824097  116.34380341]
[  39.97849274  116.34339905]
[  39.97823715  116.34358215]
[  39.97790146  116.34405518]
[  40.01411819  116.31160736]
[  40.01381683  116.3065567 ]
[  40.01386642  116.30652618]
[  40.01385117  116.30648804]
[  40.01382446  116.30646515]
[  40.01380539  116.30644226]
[  40.01380539  116.30648041]
[  40.0138092  116.3065033]
[  40.01379395  116.30653381]
[  40.0137825   116.30651855]
[  40.01379013  116.30649567]
[  40.0138092   116.30646515]
[  40.01379776  116.30648804]
[  39.97795486  116.32717896]
[  39.92632675  116.33812714]
[  39.92620087  116.33732605]
[  39.92621613  116.33746338]
[  39.92617416  116.33750916]
[  39.92636108  116.33748627]
[  39.92650223  116.33802032]
[  39.92699051  116.33862305]
[  39.92617416  116.33827972]
[  39.90092468  116.38645935]
[  39.90095139  116.3861084 ]
[  39.90075684  116.3868866 ]
[  39.96624374  116.32045746]
[  39.92665482  116.33712769]
[  39.92619324  116.33718872]
[  39.92639923  116.33761597]
[  39.92643356  116.33769226]
[  39.92658615  116.33815765]
[  39.92644119  116.33811188]
[  39.92623138  116.33798218]
[  39.92628098  116.33818817]
[  39.92631149  116.33635712]
[  39.92619705  116.3374176 ]
[  39.92619324  116.33707428]
[  39.92617035  116.33622742]
[  39.92613602  116.33777618]
[  39.92598724  116.33657074]
[  39.92614746  116.33734131]
[  39.90621567  116.2071991 ]
[  39.8962059  116.2081604]
[  39.89706421  116.20827484]
[  39.95623016  116.17688751]
[  39.95753479  116.17623138]
[  39.95744324  116.17488861]
[  39.9605751   116.17246246]
[  39.89665985  116.20840454]
[  39.89704514  116.20825958]
[  39.92609787  116.33689117]
[  39.9262619   116.33765411]
[  39.92621994  116.33731842]
[  39.92619324  116.33747101]
[  39.92629623  116.33773041]
[  39.92621613  116.33695221]
[  39.92621994  116.33712769]
[  39.9260788   116.33707428]
[  39.92620087  116.3372345 ]
[  39.92624283  116.33685303]
[  39.92625046  116.33765411]
[  39.9262352   116.33732605]
[  39.92647552  116.33679199]
[  39.9263649   116.33839417]
[  39.92636871  116.33798218]
[  39.92620468  116.33719635]
[  39.92622375  116.33737183]
[  39.92617798  116.33731079]
[  39.92616272  116.33733368]
[  39.92613602  116.33748627]
[  39.92624664  116.33776093]
[  39.9262085   116.33744812]
[  39.92618942  116.33720398]
[  39.92622375  116.33746338]
[  39.92618942  116.33740234]
[  39.92622757  116.3373642 ]
[  39.89693832  116.26519012]
[  39.89678192  116.26520538]
[  39.90031433  116.24543762]
[  39.90007782  116.24609375]
[  39.92471313  116.19114685]
[  39.92630005  116.33852386]
[  39.92608261  116.33713531]
[  39.9261055   116.33730316]
[  39.92583466  116.33764648]
[  39.92624664  116.33759308]
[  39.92624283  116.33743286]
[  39.92616653  116.33717346]
[  39.92609406  116.33721924]
[  39.9262352   116.33731079]
[  39.94034958  116.36369324]
[  39.93915176  116.36219025]
[  39.92626572  116.33753967]
[  39.92643356  116.33798218]
[  39.9262085   116.33728027]
[  39.92621994  116.33718109]
[  39.9261322   116.33719635]
[  39.92608643  116.33714294]
[  39.90054321  116.38471985]
[  39.92617416  116.33744812]
[  39.92615891  116.33751678]
[  39.92617035  116.33768463]
[  39.92625427  116.33733368]
[  39.92644501  116.33739471]
[  39.92636108  116.33768463]
[  39.90097046  116.38632965]
[  39.90084839  116.3865509 ]
[  39.92733002  116.33851624]
[  39.91136169  116.32426453]
[  39.91142273  116.32442474]
[  39.91127014  116.32437134]
[  39.92617798  116.33725739]
[  39.92615128  116.33742523]
[  39.92615128  116.33738708]
[  39.92623138  116.33428955]
[  39.92617035  116.3372345 ]
[  39.9264679   116.33786011]
[  39.92668915  116.33781433]
[  39.92611313  116.33724976]
[  39.8972168   116.20830536]
[  39.89722443  116.20819855]
[  39.8969574   116.20834351]
[  39.89689255  116.2084198 ]
[  39.90078354  116.38644409]
[  39.90068436  116.38659668]
[  39.9011879   116.38652802]
[  39.90071487  116.38568878]
[  39.92621231  116.33696747]
[  39.92655945  116.33790588]
[  39.92620468  116.33779907]
[  39.92629623  116.3374176 ]
[  39.92626572  116.3375473 ]
[  39.92625046  116.3373642 ]
[  39.90061188  116.38683319]
[  39.9005661   116.38386536]
[  39.92557907  116.3380661 ]
[  39.92674255  116.33783722]
[  39.9267807   116.33836365]
[  39.9264946   116.33811951]
[  39.92655563  116.33836365]
[  39.90068817  116.38695526]
[  39.90079498  116.38635254]
[  39.92609024  116.33540344]
[  39.92626572  116.33779907]
[  39.92629242  116.33771515]
[  39.92631149  116.33773804]
[  39.92635727  116.33779907]
[  39.92656326  116.33811951]
[  39.92644501  116.33808899]
[  39.92706299  116.33833313]
[  39.92686462  116.33694458]
[  39.92632675  116.33785248]
[  39.92620468  116.33786774]
[  39.9262085   116.33791351]
[  39.89923096  116.37866211]
[  39.94865799  116.33435822]
[  39.89925385  116.3857193 ]
[  39.9004631   116.38534546]
[  39.92618942  116.33759308]
[  39.92676544  116.3379364 ]
[  39.92689514  116.33840179]
[  39.92629623  116.33839417]
[  39.92630768  116.33860016]
[  39.92646408  116.335289  ]
[  39.92631912  116.33876038]
[  39.92622757  116.33782959]
[  39.92721558  116.33752441]
[  39.97810745  116.34786987]
[  39.90453339  116.38256836]
[  39.92651749  116.33807373]
[  39.92665482  116.33815002]
[  39.92637253  116.33370972]
[  39.93907547  116.33892822]
[  39.92669296  116.33721924]
[  39.9263916   116.33837891]
[  39.92622375  116.33750153]
[  39.92604446  116.33724976]
[  39.92614746  116.33728027]
[  39.92622375  116.33747864]
[  39.92621994  116.33743286]
[  39.92621994  116.33753204]
[  39.92619705  116.33743286]
[  39.90039825  116.38456726]
[  39.89993286  116.38729858]
[  39.90049362  116.3844223 ]
[  39.9263916   116.33792114]
[  39.92620468  116.33772278]
[  39.92603683  116.33747101]
[  39.92629242  116.3376236 ]
[  39.90045547  116.38667297]
[  39.90022659  116.38495636]
[  39.92620468  116.33436584]
[  39.91405106  116.3431778 ]
[  39.92617798  116.337677  ]
[  39.92613983  116.33785248]
[  39.9262619   116.33766174]
[  39.92631149  116.33761597]
[  39.92641068  116.33699036]
[  39.89702225  116.20832825]
[  39.89707565  116.20824432]
[  39.89710999  116.20832062]
[  39.89722443  116.20831299]
[  39.90320587  116.2148056 ]
[  39.90335464  116.21478271]
[  39.90320969  116.21479797]
[  39.89649963  116.20908356]
[  39.89636612  116.20953369]
[  39.89722824  116.20973206]
[  39.89732742  116.20782471]
[  39.92734146  116.3349762 ]
[  39.90026855  116.3840332 ]
[  39.92646408  116.3381424 ]
[  39.92655945  116.33820343]
[  39.92632675  116.33827209]
[  39.92626953  116.3381958 ]
[  39.9261322   116.33708954]
[  39.92634583  116.33740234]
[  39.92606735  116.33739471]
[  39.92623901  116.33602142]
[  39.9259491   116.33700562]
[  39.92591095  116.33728027]
[  39.92687607  116.33381653]
[  39.92707443  116.33357239]
[  39.92676163  116.33585358]
[  39.89664841  116.20953369]
[  39.89673615  116.2094574 ]
[  39.89682388  116.20930481]
[  39.89677048  116.20949554]
[  39.89681244  116.20916748]
[  39.90039062  116.38511658]
[  39.9004631   116.38591766]
[  39.92622757  116.33751678]
[  39.92625427  116.337677  ]
[  39.92679977  116.33772278]
[  39.92684555  116.33794403]
[  39.92689133  116.33847046]
[  39.9262352   116.33777618]
[  39.92626953  116.33822632]
[  39.92624664  116.33821869]
[  39.92632675  116.33822632]
[  39.92631912  116.3380127 ]
[  39.92596054  116.33611298]
[  39.92623138  116.33718872]
[  39.92630768  116.33751678]
[  39.90792847  116.44859314]
[  39.90864182  116.46575928]
[  39.92636871  116.33815765]
[  39.92615128  116.33733368]
[  39.92603302  116.33708954]
[  39.92621231  116.33777618]
[  39.92634201  116.33802032]
[  39.92624283  116.33759308]
[  39.92604828  116.33740997]
[  39.92619324  116.33756256]
[  39.92645264  116.33818817]
[  39.89759064  116.20969391]
[  39.9404335   116.31156921]
[  39.90036011  116.38594055]
[  39.92544556  116.33722687]
[  39.96661377  116.3282547 ]
[  39.96708679  116.32871246]
[  37.44022751  110.90258789]
[  37.4168129   110.77159882]
[  37.41624832  110.7719574 ]
[  37.41640854  110.77193451]
[  37.41643524  110.77199554]
[  37.41637802  110.7719574 ]
[  37.41664124  110.77202606]
[  37.41662598  110.77200317]
[  37.41646194  110.77204132]
[  37.41613388  110.77200317]
[  37.41582489  110.77177429]
[  37.41906357  110.77429962]
[  37.41830444  110.77385712]
[  37.41779709  110.77295685]
[  37.41767502  110.77261353]
[  37.4175148   110.77249908]
[  37.41864395  110.76887512]
[  37.41648102  110.77178955]
[  37.41693115  110.77098083]
[  37.34875488  110.73659515]
[  37.34932709  110.73661804]
[  37.34902954  110.73653412]
[  37.41631699  110.77204895]
[  37.41720581  110.77168274]
[  37.41627884  110.7719574 ]
[  37.41637039  110.77199554]
[  37.41666031  110.77204132]
[  37.41681671  110.77214813]
[  37.41646957  110.77198029]
[  37.41627121  110.77192688]
[  37.41626358  110.77191162]
[  37.4162941   110.77187347]
[  37.41638565  110.77202606]
[  37.4164505   110.77198792]
[  37.41710281  110.7713623 ]
[  37.41653824  110.7720108 ]
[  37.41630936  110.77189636]
[  37.41643524  110.77193451]
[  37.41648102  110.77189636]
[  37.41658783  110.77178955]
[  37.34939575  110.73694611]
[  37.34910965  110.73678589]
[  37.34894562  110.73695374]
[  37.34913635  110.73677063]
[  37.44222641  110.89745331]
[  39.9284935   116.33726501]
[  39.89948654  116.38591003]
[  39.90013123  116.38578033]
[  39.89940643  116.38536835]
[  39.92643356  116.33494568]
[  39.90570831  116.23036194]
[  39.89553452  116.41162109]
[  39.89569473  116.41158295]
[  39.93770981  116.32364655]
[  39.92658997  116.33527374]
[  39.92636108  116.33850098]
[  39.92599106  116.33667755]
[  39.90042114  116.38566589]
[  39.89858627  116.38485718]
[  39.92615509  116.33430481]
[  39.9953804   116.32858276]
[  40.00431824  116.1996994 ]
[  39.99330139  116.19788361]
[  39.99320221  116.19858551]
[  40.00601959  116.32575226]
[  39.97212219  116.31552124]
[  40.00926208  116.31995392]
[  40.00780106  116.32002258]
[  39.98384094  116.32789612]
[  39.99182892  116.32539368]
[  40.0077095   116.31971741]
[  40.00728226  116.32038879]
[  39.99160004  116.3277359 ]
[  40.00106812  116.32714081]
[  39.97155762  116.3155365 ]
[  40.00733566  116.32000732]
[  40.00757599  116.32011414]
[  39.99188614  116.32968903]
[  39.93674088  116.32584381]
[  39.93688583  116.32584381]
[  39.9940567   116.32324219]
[  39.96960449  116.31568146]
[  40.00774765  116.31985474]
[  40.0077095   116.31974792]
[  40.00763321  116.31978607]
[  40.00764847  116.31978607]
[  40.00760651  116.31976318]
[  40.00759888  116.31980133]
[  40.00775528  116.31976318]
[  40.00757217  116.31977081]
[  40.00753021  116.31983948]
[  40.00763702  116.3197403 ]
[  40.00772858  116.31968689]
[  40.00765991  116.31949615]
[  40.00774765  116.3194809 ]
[  40.0077858   116.31961823]
[  40.00762177  116.3197937 ]
[  40.00764084  116.3197937 ]
[  40.00758743  116.31980896]
[  40.00750732  116.31993103]
[  40.00746536  116.31993866]
[  40.00753784  116.31983185]
[  40.00752258  116.3197937 ]
[  40.00756454  116.31952667]
[  40.00755692  116.31990051]
[  40.00764847  116.319664  ]
[  40.00754929  116.31982422]
[  40.0001297   116.32764435]
[  39.99827957  116.32505035]
[  40.00754166  116.31962585]
[  40.00772476  116.31932831]
[  39.90742874  116.36785889]
[  40.00569153  116.3168869 ]
[  40.00060654  116.32707214]
[  39.99998093  116.32699585]
[  39.99154282  116.32228088]
[  39.97061157  116.31861115]
[  39.93525314  116.32377625]
[  40.00764847  116.31963348]
[  40.00766373  116.31970215]
[  40.00759506  116.31972504]
[  40.00756073  116.31982422]
[  40.00502777  116.3212738 ]
[  40.00807953  116.31941223]
[  40.00819016  116.31961823]
[  40.00831985  116.31957245]
[  40.00822067  116.31930542]
[  40.00804901  116.3194046 ]
[  40.01211929  116.32160187]
[  40.01208496  116.32173157]
[  40.01188278  116.32172394]
[  40.01262665  116.32180786]
[  40.01140976  116.3216629 ]
[  40.01131058  116.32178497]
[  40.01159286  116.32156372]
[  40.01154709  116.32152557]
[  40.01189423  116.3215332 ]
[  40.01227188  116.32154083]
[  40.01187134  116.3214035 ]
[  40.01186371  116.32129669]
[  40.01162338  116.32123566]
[  40.01213837  116.3212738 ]
[  40.01184845  116.32128906]
[  40.01184082  116.32157898]
[  40.01212311  116.32167816]
[  40.0114975  116.3216095]
[  39.99919891  116.32458496]
[  40.0003891   116.32698059]
[  40.00755692  116.31989288]
[  40.00753784  116.31987   ]
[  40.00759506  116.31980896]
[  40.00761414  116.31973267]
[  40.0076828   116.31972504]
[  40.00761414  116.31999969]
[  40.00775146  116.3196106 ]
[  40.00756836  116.31987   ]
[  40.00800323  116.31965637]
[  40.00806427  116.31964874]
[  40.00804901  116.31968689]
[  40.00770187  116.31968689]
[  40.00286865  116.32606506]
[  40.00410843  116.32663727]
[  39.9970665  116.3129425]
[  39.99987793  116.32722473]
[  39.9793663   116.31497192]
[  39.81952286  116.27682495]
[  39.81992722  116.27648163]
[  39.82008743  116.27667236]
[  39.82058716  116.27692413]
[  40.00031662  116.32726288]
[  39.98114777  116.38500977]
[  39.98132706  116.38493347]
[  40.00253677  116.32131958]
[  40.00135422  116.32095337]
[  40.00136948  116.32092285]
[  40.00140381  116.32093048]
[  40.001194    116.32091522]
[  39.99705887  116.29163361]
[  39.71494675  116.35253143]
[  39.71504593  116.35261536]
[  40.01110077  116.32388306]
[  40.01100159  116.32344055]
[  39.93556213  116.32187653]
[  39.93524933  116.32210541]
[  39.99997711  116.32688141]
[  40.00385666  116.31794739]
[  39.97564697  116.32732391]
[  39.97540665  116.32730103]
[  39.97548294  116.32711029]
[  40.00788879  116.31950378]
[  40.00761795  116.31958771]
[  40.00766373  116.31958771]
[  40.00788498  116.31970215]
[  40.00812149  116.31986237]
[  40.00825119  116.31948853]
[  40.0078125   116.31948853]
[  40.00757217  116.31967163]
[  40.00746155  116.31974792]
[  40.00740814  116.31972504]
[  40.0077095   116.31957245]
[  40.00813293  116.31936646]
[  40.00792313  116.31945801]
[  40.00799561  116.31925964]
[  40.00800705  116.31945801]
[  40.00802231  116.31941223]
[  40.00725174  116.31998444]
[  40.00746536  116.32019043]
[  40.00750351  116.31990051]
[  40.00777054  116.31977081]
[  40.00770569  116.31968689]
[  40.00763702  116.31964111]
[  40.00760269  116.31975555]
[  40.00771332  116.31956482]
[  40.00769806  116.31945801]
[  40.00768661  116.31980133]
[  40.00712967  116.31993103]
[  40.00738525  116.31991577]
[  40.00739288  116.31996155]
[  40.00757599  116.31964874]
[  40.0075798  116.3196106]
[  40.00027466  116.3114624 ]
[  40.00002289  116.32745361]
[  40.00066757  116.32691193]
[  40.00028229  116.32704926]
[  39.99062347  116.32907104]
[  39.99170303  116.32725525]
[  39.99219131  116.32719421]
[  39.99230576  116.32733917]
[  39.9930954   116.32756042]
[  39.99050522  116.3272934 ]
[  40.00478745  116.32184601]
[  39.98163605  116.30614471]
[  39.97745514  116.30730438]
[  39.99228287  116.32730865]
[  39.99164581  116.32691956]
[  39.99244308  116.32634735]
[  39.99248886  116.32659912]
[  39.99246979  116.32669067]
[  39.99275589  116.3264389 ]
[  40.00062943  116.32697296]
[  40.0006752   116.32704163]
[  40.00076294  116.32701111]
[  40.00394058  116.31814575]
[  39.88492584  116.43701172]
[  39.9918251   116.32650757]
[  39.99022675  116.32580566]
[  39.98268509  116.31893921]
[  39.9827919  116.3184967]
[  39.9681282   116.34012604]
[  40.00508499  116.31621552]
[  40.00105286  116.32363129]
[  40.00100327  116.32380676]
[  40.00090408  116.32383728]
[  40.0008316  116.3237915]
[  39.99074936  116.3277359 ]
[  39.99010849  116.32740021]
[  39.99038696  116.32757568]
[  39.99074173  116.32718658]
[  39.99045563  116.32769012]
[  39.98218918  116.31116486]
[  39.98011398  116.34429932]
[  39.99004364  116.32817078]
[  39.9911499   116.32796478]
[  39.8849678   116.43641663]
[  39.88563919  116.43695831]
[  39.88539505  116.43713379]
[  39.88511276  116.43635559]
[  39.8851738   116.43627167]
[  39.88521576  116.43641663]
[  39.88511658  116.43651581]
[  39.8850174   116.43654633]
[  39.88489151  116.43645477]
[  39.88490295  116.43664551]
[  39.8850174   116.43650055]
[  39.88488388  116.43626404]
[  39.88506317  116.43645477]
[  39.88485336  116.43670654]
[  39.88464355  116.43657684]
[  39.88484573  116.43614197]
[  39.8853035   116.43606567]
[  39.88475418  116.43659973]
[  39.88465881  116.43659973]
[  39.88466263  116.43654633]
[  39.88463593  116.43662262]
[  39.88468552  116.4368515 ]
[  39.99101257  116.32756042]
[  39.99356079  116.32289886]
[  39.99177933  116.33379364]
[  39.99007416  116.32756805]
[  39.99026489  116.32781219]
[  39.99161911  116.32798767]
[  39.99039078  116.32754517]
[  40.22262192  116.2186203 ]
[  40.21976852  116.23730469]
[  40.21960831  116.23774719]
[  39.99347687  116.32622528]
[  39.99225616  116.32653046]
[  40.00046921  116.32686615]
[  40.00790024  116.31934357]
[  40.0079155   116.31946564]
[  40.00397491  116.32299042]
[  39.90140533  116.42372894]
[  32.06045914  121.27023315]
[  32.05763245  121.2723465 ]
[  32.05545425  121.27169037]
[  32.05572891  121.27148438]
[  32.05545807  121.2714386 ]
[  32.05683899  121.27177429]
[  32.05631638  121.27256775]
[  32.05631256  121.2714386 ]
[  32.0561409  121.2715683]
[  32.05631256  121.27142334]
[  32.05565643  121.27160645]
[  32.05556488  121.27150726]
[  31.99976921  120.8425827 ]
[  31.99969101  120.842453  ]
[  31.99964905  120.84280396]
[  32.01711655  120.86143494]
[  31.99939919  120.84243774]
[  31.99942589  120.84243011]
[  31.99948883  120.84241486]
[  31.99947548  120.84242249]
[  31.99967003  120.84249115]
[  31.9995842   120.84246063]
[  31.99953842  120.84240723]
[  31.99961281  120.84247589]
[  31.99972153  120.842453  ]
[  31.99933434  120.84281921]
[  31.99942017  120.84285736]
[  31.99930382  120.8428421 ]
[  31.99958038  120.84249878]
[  31.99959373  120.84249878]
[  31.99951744  120.84231567]
[  31.999506    120.84252167]
[  31.99954224  120.84252167]
[  31.99954796  120.84251404]
[  31.99958801  120.84248352]
[  31.99956131  120.84247589]
[  31.99959755  120.84250641]
[  31.99958992  120.84250641]
[  31.99962044  120.842453  ]
[  31.99956512  120.84249115]
[  32.01477814  120.85922241]
[  32.01493073  120.85807037]
[  32.0149765  120.858078 ]
[  31.96858597  120.89387512]
[  32.05651855  121.27125549]
[  32.05653     121.27131653]
[  32.05647659  121.27128601]
[  32.05538177  121.27154541]
[  32.05533981  121.27153015]
[  32.05529404  121.271492  ]
[  32.05577469  121.27118683]
[  32.05634689  121.27142334]
[  32.24147034  120.7572403 ]
[  32.23691177  120.75205231]
[  32.23664474  120.75208282]
[  32.23677826  120.75210571]
[  32.23673248  120.75205994]
[  32.24155045  120.76048279]
[  32.24149704  120.76047516]
[  32.01755142  120.86192322]
[  31.99974823  120.84020996]
[  32.01753998  120.8303833 ]
[  32.06004333  121.27158356]
[  32.05763245  121.27182007]
[  32.00059509  120.84261322]
[  32.0699234   120.85612488]
[  32.07052231  120.85527802]
[  39.99047852  116.33380127]
[  39.99907303  116.33853149]
[  39.9925499  116.3274231]
[  39.99394608  116.4454422 ]
[  39.99057388  116.44696045]
[  39.99129868  116.32797241]
[  39.99151611  116.32783508]
[  39.99878693  116.33864594]
[  39.99932098  116.33869934]
[  39.99917984  116.33859253]
[  39.9991188   116.33877563]
[  39.99920654  116.33872223]
[  39.99895859  116.33869171]
[  39.99892426  116.33848572]
[  39.99895096  116.33843231]
[  39.99891281  116.3384552 ]
[  39.99907684  116.33849335]
[  39.99927902  116.33843994]
[  39.9995079   116.33834839]
[  39.99917603  116.33843231]
[  39.99996948  116.33863068]
[  39.99869156  116.33856201]
[  39.99904251  116.33848572]
[  39.99878693  116.33844757]
[  39.99887466  116.33847809]
[  39.99909592  116.33847809]
[  39.99910355  116.33850098]
[  39.99905396  116.33850861]
[  39.99937439  116.33843994]
[  39.99940109  116.33849335]
[  39.99920654  116.33844757]
[  39.99894333  116.33849335]
[  39.99892807  116.33847809]
[  39.99915695  116.33851624]
[  39.99902344  116.33842468]
[  39.99920273  116.33852386]
[  39.99936676  116.33850861]
[  39.99018478  116.32770538]
[  39.99038315  116.32749939]
[  39.99040985  116.32759857]
[  39.99000931  116.32784271]
[  39.99006653  116.32779694]
[  39.99012375  116.32775879]
[  39.99022675  116.32784271]
[  39.93539047  116.32210541]
[  40.00011444  116.32737732]
[  40.00984573  116.31512451]
[  40.00963974  116.31518555]
[  39.99995804  116.32718658]
[  39.98995209  116.32813263]
[  39.9900589   116.32793427]
[  39.98983383  116.32785034]
[  39.9988327   116.33889771]
[  39.99857712  116.33904266]
[  39.9914093   116.33248138]
[  40.04393387  116.41345978]
[  40.04606628  116.4143219 ]
[  39.99180222  116.33123779]
[  39.99910355  116.33843231]
[  39.9990921   116.33843994]
[  39.99881363  116.33843231]
[  39.9990387   116.33843231]
[  39.99922562  116.33844757]
[  39.99921417  116.33849335]
[  39.9993248   116.33847809]
[  39.99927902  116.33834839]
[  39.99890518  116.33820343]
[  39.99922562  116.33839417]
[  39.99885178  116.33852386]
[  39.99907684  116.33846283]
[  39.99920273  116.33856964]
[  39.99921036  116.33853912]
[  39.99939346  116.33846283]
[  39.9995079   116.33846283]
[  39.99954224  116.33853912]
[  39.99967957  116.33861542]
[  39.99895096  116.33844757]
[  39.9991188   116.33848572]
[  39.99904251  116.33844757]
[  39.99914551  116.33842468]
[  39.99829483  116.33850098]
[  39.99856186  116.33834076]
[  40.00666046  116.32472229]
[  40.00022888  116.32727051]
[  40.00006104  116.32393646]
[  39.9991951   116.32419586]
[  39.95748901  116.31438446]
[  39.93547821  116.36676788]
[  39.93557739  116.36677551]
[  39.93548584  116.36677551]
[  39.93547821  116.36676025]
[  39.9355011   116.36668396]
[  39.9354744   116.36671448]
[  39.93543625  116.36672974]
[  39.93613052  116.36692047]
[  39.93624496  116.36664581]
[  39.93621826  116.36673737]
[  40.0071373   116.32089996]
[  39.93549347  116.36681366]
[  39.99276352  116.32949829]
[  39.99169159  116.32518768]
[  39.99992371  116.32732391]
[  40.00009918  116.32730865]
[  40.01031876  116.32260132]
[  39.89094925  116.28820038]
[  40.00950241  116.31995392]
[  39.99935532  116.31685638]
[  39.99528503  116.32806396]
[  40.01150131  116.32289124]
[  40.01198578  116.32269287]
[  40.0113678   116.32318115]
[  40.0112114   116.32327271]
[  40.0108223   116.32341766]
[  40.01036835  116.32377625]
[  40.01042175  116.32368469]
[  40.01086044  116.32337189]
[  40.01085663  116.323349  ]
[  40.01132584  116.32189178]
[  40.00057602  116.32710266]
[  39.99599838  116.32839203]
[  40.00774384  116.31947327]
[  40.0078125   116.31936646]
[  40.00803375  116.31919861]
[  40.0078392   116.31924438]
[  40.00796509  116.31947327]
[  40.00785065  116.31944275]
[  40.00766754  116.31920624]
[  40.00790405  116.3190918 ]
[  40.0079689   116.31933594]
[  40.00798416  116.31931305]
[  40.00800705  116.31944275]
[  40.00792313  116.31907654]
[  39.95924377  116.30656433]
[  39.95624542  116.30958557]
[  39.95718002  116.30966949]
[  39.95706177  116.30967712]
[  39.95841217  116.30952454]
[  39.95760727  116.30964661]
[  39.95790482  116.30952454]
[  39.99991608  116.32736206]
[  40.00407791  116.32247162]
[  31.25037193  121.45076752]
[  39.995327    116.32807922]
[  39.9951973   116.32804871]
[  39.99532318  116.32800293]
[  40.00248337  116.31839752]
[  40.00253296  116.3184433 ]
[  39.9966011  116.3219986]
[  39.99105453  116.31635284]
[  39.99065018  116.31739044]
[  39.99066925  116.31729126]
[  40.00654602  116.31700134]
[  40.00714111  116.3207016 ]
[  40.00002289  116.32724762]
[  40.00797653  116.31958771]
[  39.99996567  116.32740021]
[  40.00982666  116.31523132]
[  40.00954437  116.31526184]
[  40.00941086  116.3157196 ]
[  40.00765228  116.31945801]
[  40.00971222  116.31520081]
[  40.00980759  116.31534576]
[  40.00974274  116.3152771 ]
[  40.00973892  116.31516266]
[  40.00967026  116.31517029]
[  40.00963974  116.31504822]
[  40.00964737  116.31516266]
[  40.00964355  116.31513977]
[  40.00970459  116.31491089]
[  40.0096817   116.31501007]
[  40.00970459  116.3150177 ]
[  40.00961685  116.31530762]
[  40.00956345  116.3156662 ]
[  40.00959396  116.31522369]
[  40.00952148  116.31525421]
[  40.00971985  116.31517029]
[  40.00964355  116.31511688]
[  40.00969696  116.31512451]
[  40.00967789  116.31508636]
[  40.00965881  116.31507874]
[  40.0096283   116.31519318]
[  40.00971222  116.31494141]
[  40.00967407  116.31505585]
[  40.009655    116.31519318]
[  40.00976562  116.31509399]
[  40.00975418  116.31504822]
[  40.00965118  116.31510162]
[  40.00970078  116.31510925]
[  40.00029755  116.32709503]
[  40.00011063  116.32720184]
[  39.93748856  116.3900528 ]
[  39.76351166  116.29738617]
[  40.00719452  116.32070923]
[  39.94566345  116.79450226]
[  39.94577408  116.79438782]
[  40.00016785  116.32727814]
[  39.97343826  116.33236694]
[  39.90171051  116.40875244]
[  39.94701767  116.78300476]
[  39.94863129  116.79825592]
[  40.00684738  116.32089233]
[  39.99607086  116.32746887]
[  40.00033951  116.32741547]
[  40.00753784  116.32016754]
[  39.94002151  116.31501007]
[  39.93925095  116.31240082]
[  39.9379425   116.32279205]
[  39.95096207  116.32902527]
[  39.95101929  116.3290329 ]
[  40.00976181  116.31517792]
[  40.00342178  116.30466461]
[  40.0114975   116.30152893]
[  39.92261505  116.35114288]
[  39.90824509  116.36807251]
[  39.90838623  116.36723328]
[  39.90753937  116.36816406]
[  40.00956726  116.31532288]
[  39.99989319  116.32733154]
[  39.99702454  116.32672882]
[  39.99728775  116.32657623]
[  40.00740814  116.31911469]
[  39.99157333  116.32718658]
[  39.9961586  116.3293457]
[  39.99994659  116.32723236]
[  39.99676514  116.32666779]
[  39.99990845  116.32695007]
[  40.00751495  116.32007599]
[  40.00811005  116.31959534]
[  39.9998436   116.32705688]
[  40.00616455  116.32049561]
[  31.16952705  121.4008255 ]
[  31.19482803  121.43649292]
[  31.19480133  121.43636322]
[  31.19661713  121.43323517]
[  31.22104645  121.41555023]
[  31.2243557   121.42205811]
[  31.22305489  121.42243958]
[  31.22467804  121.42230225]
[  31.23034286  121.46940613]
[  31.23898888  121.47890472]
[  31.2391777   121.47893524]
[  31.23914146  121.47904205]
[  31.22313118  121.42218781]
[  31.22320366  121.42229462]
[  39.99260712  116.32620239]
[  40.01173782  116.32142639]
[  40.01221848  116.3216095 ]
[  39.86460495  116.42812347]
[  39.86457062  116.4298172 ]
[  39.87286758  116.43315125]
[  39.87428284  116.4367981 ]
[  39.87370682  116.43340302]
[  40.00730133  116.32014465]
[  40.00803757  116.32057953]
[  39.99560547  116.3279953 ]
[  40.          116.32723236]
[  39.99497223  116.32834625]
[  39.97294617  116.38163757]
[  40.00260925  116.32636261]
[  40.00249481  116.3263092 ]
[  40.00252151  116.32623291]
[  40.00250244  116.32636261]
[  40.00666809  116.32196808]
[  40.00004196  116.32736206]
[  39.99186325  116.32757568]
[  40.00419235  116.32280731]
[  39.98270035  116.31021881]
[  40.00025558  116.32701111]
[  40.00287628  116.32522583]
[  39.99542236  116.32782745]
[  40.00020599  116.32752991]
[  40.00009537  116.32374573]
[  40.00828934  116.32100677]
[  40.00670624  116.32015228]
[  40.00878143  116.31906891]
[  40.00096893  116.32740021]
[  40.00080109  116.32765198]
[  40.00066376  116.32788086]
[  40.0005455   116.32798767]
[  40.00084686  116.32765198]
[  40.0007782   116.32766724]
[  40.00091553  116.32743073]
[  40.0007515   116.32732391]
[  40.00811768  116.3196106 ]
[  40.00324249  116.3276825 ]
[  40.0032196   116.32769775]
[  40.00091934  116.32826996]
[  40.0008812   116.32728577]
[  40.00079727  116.32733917]
[  31.30232239  121.50927734]
[  31.29612732  121.54482269]
[  31.29615211  121.54483032]
[  31.29604912  121.54482269]
[  31.29606438  121.54476929]
[  31.28880882  121.54997253]
[  31.28843307  121.54925537]
[  31.1138134   121.05122375]
[  31.10965919  121.049263  ]
[  31.1113205   121.04986572]
[  31.11138153  121.05001068]
[  31.11227989  121.05023193]
[  31.11521149  121.04892731]
[  31.11558723  121.04808807]
[  31.11510468  121.04837799]
[  31.11550713  121.04912567]
[  31.29605675  121.54466248]
[  40.00812912  116.3195343 ]
[  40.00790405  116.31938171]
[  40.00749207  116.31929016]
[  40.00819778  116.31938171]
[  40.00860977  116.31925964]
[  39.95789337  116.35585785]
[  39.99534607  116.31021118]
[  39.99562454  116.31035614]
[  39.9956665  116.3099823]
[  39.99521255  116.3094101 ]
[  39.99495697  116.31082153]
[  39.9952507  116.310112 ]
[  40.00614548  116.31607056]
[  39.9916153   116.32884979]
[  39.99538803  116.31034851]
[  39.99538803  116.31025696]
[  39.99541092  116.31031799]
[  40.0007515   116.32790375]
[  39.9998703   116.32714081]
[  40.00789642  116.3194046 ]
[  40.08036804  116.23631287]
[  40.08045959  116.23649597]
[  39.98114395  116.32485199]
[  39.9997406   116.32723236]
[  40.00008774  116.32678223]
[  39.99188232  116.32544708]
[  40.00209045  116.31855774]
[  39.97149658  116.31552124]
[  40.01184845  116.3217392 ]
[  40.01165771  116.3215332 ]
[  40.01205063  116.32138824]
[  40.01185989  116.3214035 ]
[  40.01208115  116.32151794]
[  40.01246262  116.3217392 ]
[  40.01218033  116.32178497]
[  40.01163483  116.32175446]
[  40.0114975   116.32167816]
[  40.0113678   116.32170105]
[  40.01168823  116.32162476]
[  40.01161575  116.3216629 ]
[  40.01229095  116.32145691]
[  40.01173782  116.32144928]
[  40.01173019  116.32152557]
[  40.01147842  116.32160187]
[  40.01174164  116.32151031]
[  40.01206207  116.32167053]
[  40.00622177  116.31613922]
[  39.99852753  116.31854248]
[  39.9981842  116.318573 ]
[  40.00301361  116.32237244]
[  40.00059891  116.32685089]
[  40.00605774  116.32566833]
[  39.93582153  116.32190704]
[  40.0004158   116.32688141]
[  39.99225235  116.3265686 ]
[  39.99141693  116.32620239]
[  40.00188446  116.3266983 ]
[  40.00172806  116.32672882]
[  39.91355515  116.40517426]
[  39.91392136  116.40364075]
[  39.93562317  116.42668915]
[  39.93598557  116.4265213 ]
[  39.93589401  116.4262619 ]
[  39.93566513  116.42597961]
[  39.93576813  116.42611694]
[  39.93621826  116.42590332]
[  39.93599319  116.42592621]
[  39.93581009  116.42526245]
[  39.93597412  116.42533112]
[  39.9360466   116.42584991]
[  40.01016617  116.32060242]
[  39.97582245  116.33809662]
[  40.00127029  116.31893921]
[  40.00075912  116.3269577 ]
[  40.00065613  116.32689667]
[  40.00053406  116.326828  ]
[  39.97550583  116.3271637 ]
[  39.97542953  116.32726288]
[  40.00038528  116.31157684]
[  39.88957214  116.35707092]
[  39.88946152  116.35716248]
[  39.88938141  116.35730743]
[  39.88943863  116.35723877]
[  39.88954544  116.35715485]
[  39.88954163  116.35720825]
[  39.88946152  116.35771179]
[  39.88965225  116.35745239]
[  40.00019073  116.32722473]
[  39.99809647  116.31813049]
[  40.00192261  116.3265152 ]
[  39.99984741  116.32746887]
[  39.99165726  116.33000183]
[  39.99713135  116.32676697]
[  40.00049591  116.32705688]
[  40.00052643  116.3269577 ]
[  39.96845245  116.31425476]
[  40.22327042  116.21878815]
[  40.01109695  116.32350922]
[  40.01111984  116.32374573]
[  40.01100922  116.32352448]
[  40.01091385  116.32361603]
[  40.01122665  116.3235321 ]
[  39.90062332  116.41870117]
[  38.92778397  121.52752686]
[  38.91782379  121.55167389]
[  38.90774918  121.58087921]
[  38.90867996  121.58267975]
[  38.9086647  121.5825119]
[  38.90879059  121.58271027]
[  38.90907288  121.58271027]
[  38.90912247  121.58296967]
[  38.90890121  121.58296967]
[  38.90901184  121.58306885]
[  38.9288826   121.52952576]
[  38.92879486  121.52981567]
[  38.92944336  121.52945709]
[  38.93053055  121.52838135]
[  38.92943192  121.52925873]
[  38.928936    121.52957916]
[  38.92908096  121.52958679]
[  38.92937851  121.52941895]
[  38.92926788  121.52966309]
[  38.92954636  121.52865601]
[  38.9292984  121.5292511]
[  38.92922592  121.52979279]
[  38.95245743  121.55415344]
[  38.9520607   121.55347443]
[  38.95214462  121.55344391]
[  38.95220566  121.5533905 ]
[  38.95228577  121.5535965 ]
[  38.95228577  121.55355835]
[  38.9522171  121.5535202]
[  38.95186234  121.55357361]
[  38.95170593  121.55305481]
[  38.95168304  121.5538559 ]
[  38.9519577   121.55364227]
[  38.95226669  121.55319977]
[  38.95213318  121.55353546]
[  38.95209503  121.55310059]
[  38.95057678  121.55796814]
[  38.92925644  121.52984619]
[  38.88198853  121.54070282]
[  38.90933228  121.60772705]
[  38.9611702   121.54019165]
[  39.98563766  116.43847656]
[  39.94369888  116.34707642]
[  39.98972321  116.32954407]
[  39.99002457  116.32940674]
[  39.99050522  116.32872009]
[  39.99977112  116.32699585]
[  39.9617157   116.43930054]
[  39.98972321  116.32961273]
[  39.99197769  116.32951355]
[  39.99092865  116.31861115]
[  39.94934082  116.43537903]
[  39.99174881  116.32783508]
[  39.9498291   116.43837738]
[  39.99744034  116.31817627]
[  39.9973526   116.31846619]
[  40.00014114  116.32679749]
[  39.9151001   116.40239716]
[  39.9425087   116.45592499]
[  39.94898605  116.4349823 ]
[  39.94918823  116.43507385]
[  39.95065308  116.43954468]
[  40.00152969  116.32160187]
[  40.00045776  116.32730103]
[  39.76266098  116.29716492]
[  39.76277542  116.29714203]
[  40.00006104  116.32746124]
[  39.9595108   116.29599762]
[  39.99420166  116.32817841]
[  39.99423218  116.32752228]
[  39.99064636  116.32824707]
[  40.00074768  116.32711792]
[  40.00550461  116.32202148]
[  39.96561813  116.3010025 ]
[  39.96565247  116.30294037]
[  39.96580887  116.30239105]
[  39.96827698  116.31095886]
[  39.93917847  116.34663391]
[  40.00073624  116.32711792]
[  39.99752426  116.3275528 ]
[  40.00034332  116.32613373]
[  39.99997711  116.32706451]
[  39.96559906  116.30460358]
[  39.96580505  116.30201721]
[  39.96537399  116.3015976 ]
[  39.9656868   116.30286407]
[  39.90518951  116.30291748]
[  40.00741959  116.31973267]
[  40.00765228  116.31989288]
[  40.00762177  116.31993866]
[  40.00769424  116.31983948]
[  40.00758362  116.31987   ]
[  40.00753403  116.31994629]
[  40.00102234  116.32717896]
[  39.99983978  116.32725525]
[  39.76351166  116.2972641 ]
[  39.99512482  116.32540894]
[  40.00623703  116.32061768]
[  39.94573593  116.79456329]
[  39.99994659  116.32730865]
[  39.97336197  116.33286285]
[  39.96591568  116.30258179]
[  39.96489334  116.30186462]
[  40.00057983  116.32688141]
[  40.00079346  116.32702637]
[  40.00054169  116.32693481]
[  40.00075912  116.32697296]
[  40.00054932  116.3267746 ]
[  40.00072861  116.32672119]
[  40.00062561  116.32691956]
[  40.00058746  116.32683563]
[  40.00056839  116.32686615]
[  40.00063324  116.32686615]
[  40.00042725  116.32686615]
[  39.95809937  116.3560791 ]
[  39.95828247  116.35809326]
[  39.76329422  116.29742432]
[  39.96683121  116.30199432]
[  39.96826172  116.30231476]
[  39.96585846  116.30158997]
[  39.96670914  116.30179596]
[  39.96664047  116.30168915]
[  39.99928284  116.32700348]
[  40.00569153  116.31617737]
[  39.89628983  116.22071075]
[  39.89640808  116.22072601]
[  39.8964653   116.22077179]
[  39.89654922  116.22080994]
[  40.00593185  116.31594086]
[  39.99974442  116.32725525]
[  39.99096298  116.33267212]
[  39.99975204  116.32712555]
[  39.96680832  116.3013916 ]
[  39.9672699   116.30848694]
[  40.01047897  116.32202148]
[  39.99996185  116.32746124]
[  39.9998436   116.32730865]
[  39.98368835  116.30747986]
[  39.98313141  116.3078537 ]
[  40.00066757  116.32714844]
[  39.97096252  116.41724396]
[  31.16949844  121.40083313]
[  31.19486046  121.4365921 ]
[  31.22123146  121.41556549]
[  31.22465706  121.42216492]
[  31.22314453  121.42227936]
[  31.225317    121.42201233]
[  31.23051262  121.46957397]
[  31.23880386  121.47893524]
[  31.23861122  121.47879791]
[  31.23898506  121.47917175]
[  31.23911095  121.4799881 ]
[  31.22306252  121.4223938 ]
[  31.22308731  121.42227173]
[  31.22337723  121.42211914]
[  40.00030899  116.32751465]
[  40.00050735  116.32694244]
[  40.01050949  116.32209015]
[  40.01002121  116.32276154]
[  39.96582413  116.30162048]
[  39.96573639  116.30178833]
[  39.96563721  116.30175781]
[  40.00956726  116.31571198]
[  39.96541977  116.30044556]
[  39.96761322  116.30223083]
[  40.0094986   116.32395172]
[  40.0110321   116.32176971]
[  40.00995636  116.31529236]
[  40.00977707  116.31536102]
[  40.00946808  116.31501007]
[  40.12202835  116.18684387]
[  40.09315872  116.0823822 ]
[  40.0931282   116.08238983]
[  40.10156631  116.08472443]
[  40.10309601  116.0828476 ]
[  40.12200165  116.18676758]
[  40.00790405  116.31967163]
[  40.00778198  116.31959534]
[  40.00751877  116.31991577]
[  40.00751877  116.32029724]
[  40.00820541  116.32131195]
[  40.00005341  116.32720184]
[  39.9997406   116.31765747]
[  39.96583939  116.30129242]
[  39.96528244  116.30054474]
[  39.97836685  116.30945587]
[  40.00597     116.31621552]
[  40.00812149  116.31960297]
[  39.99212646  116.32152557]
[  40.01156235  116.32227325]
[  40.01161957  116.32112122]
[  40.01159286  116.32104492]
[  40.01190948  116.32118988]
[  39.95788574  116.35577393]
[  39.9580574   116.35572052]
[  39.99583435  116.30989838]
[  39.99562836  116.31020355]
[  39.99531555  116.31012726]
[  39.99531174  116.31022644]
[  39.99533844  116.31018829]
[  39.99517822  116.30976105]
[  40.00592804  116.31612396]
[  39.99164963  116.32885742]
[  39.99539948  116.31021881]
[  39.9954567   116.31027985]
[  39.99531555  116.31028748]
[  40.0006752   116.32784271]
[  40.00055695  116.32788849]
[  40.00625229  116.32051086]
[  40.0356369   116.33014679]
[  40.03505325  116.33010101]
[  40.03513718  116.33081818]
[  40.03520584  116.33070374]
[  39.96570969  116.3024826 ]
[  39.995224    116.32783508]
[  39.96574783  116.30236053]
[  39.96581268  116.30241394]
[  39.96537018  116.30201721]
[  40.00273895  116.31811523]
[  39.99409485  116.32689667]
[  39.96590424  116.30189514]
[  39.99668503  116.32663727]
[  40.00132751  116.32850647]
[  39.99988556  116.32363129]
[  39.89607239  116.3167038 ]
[  39.93536377  116.33310699]
[  39.93583298  116.33135223]
[  39.93604279  116.33139801]
[  39.96725464  116.30104828]
[  39.96549225  116.30108643]
[  39.99994278  116.32738495]
[  39.93731689  116.32828522]
[  39.96763992  116.30137634]
[  39.90484619  116.302742  ]
[  39.90531921  116.30162048]
[  39.96559906  116.30138397]
[  39.96600723  116.30096436]
[  39.95888901  116.36064911]
[  39.95784378  116.35663605]
[  39.95784378  116.35666656]
[  39.95778275  116.35668945]
[  39.95785904  116.35678101]
[  39.95745468  116.35662079]
[  39.9571228   116.35665894]
[  39.95727158  116.35666656]
[  39.95732498  116.35649872]
[  39.95698547  116.35650635]
[  39.95718765  116.35668945]
[  40.00045395  116.32693481]
[  40.00065613  116.32695007]
[  40.00059509  116.3269577 ]
[  40.00075531  116.32696533]
[  40.00087357  116.32707977]
[  40.00071335  116.32705688]
[  40.00048447  116.32683563]
[  40.01168442  116.32115936]
[  40.01158142  116.32099915]
[  40.00053406  116.32704926]
[  40.00054932  116.32685852]
[  40.00046921  116.32678986]
[  40.00058746  116.32691193]
[  40.0007515   116.32699585]
[  40.00070953  116.32746887]
[  39.97764206  116.34158325]
[  40.01186371  116.3212204 ]
[  40.01169968  116.32112122]
[  40.01157761  116.32115173]
[  40.0116539   116.32105255]
[  40.01205444  116.32099152]
[  40.01144409  116.32113647]
[  40.01152039  116.32116699]
[  40.01177979  116.3212204 ]
[  39.9777298   116.34059143]
[  39.9781189  116.3416214]
[  39.98006439  116.33945465]
[  39.98115921  116.3381958 ]
[  39.97996902  116.33831787]
[  40.00065231  116.32759094]
[  40.00095749  116.32815552]
[  40.01132965  116.32093811]
[  40.0113678   116.32108307]
[  40.00918198  116.32035828]
[  40.00931549  116.3207016 ]
[  40.01165771  116.32110596]
[  40.01166534  116.32108307]
[  40.01147842  116.32118988]
[  40.01154709  116.32121277]
[  40.0116272   116.32133484]
[  40.01169968  116.32138824]
[  40.01198959  116.32080841]
[  40.01169968  116.32072449]
[  40.01148224  116.32113647]
[  40.01131821  116.32125854]
[  39.97660828  116.33696747]
[  39.97636414  116.33790588]
[  39.97659302  116.33721924]
[  40.01329803  116.32135773]
[  40.01242065  116.32099152]
[  40.01245499  116.3210907 ]
[  40.013237    116.32103729]
[  40.01321793  116.32111359]
[  40.01066971  116.32283783]
[  39.97699356  116.33774567]
[  40.01194763  116.32116699]
[  40.0132103   116.32100677]
[  40.01171494  116.32106781]
[  40.0116539   116.32118225]
[  40.01147079  116.32118988]
[  40.00425339  116.32227325]
[  40.01163483  116.3214035 ]
[  40.01156616  116.32111359]
[  40.01170349  116.32122803]
[  40.01113129  116.32102203]
[  39.99999237  116.32500458]
[  40.00036621  116.3269043 ]
[  39.95789337  116.35655212]
[  39.97912979  116.34038544]
[  39.99111938  116.33353424]
[  40.00058365  116.3274231 ]
[  40.00061798  116.32682037]
[  40.00042343  116.32702637]
[  39.97796631  116.34207153]
[  40.01111221  116.32103729]
[  39.95785522  116.35703278]
[  39.95930862  116.36136627]
[  39.95939255  116.36141205]
[  39.95954895  116.36161804]
[  39.95947266  116.36175537]
[  39.9590416  116.3615036]
[  39.95908737  116.36141205]
[  39.95938492  116.36149597]
[  40.01055527  116.3218689 ]
[  39.98295975  116.29972076]
[  40.00058746  116.32692719]
[  40.00065231  116.3269577 ]
[  40.00050354  116.32724762]
[  40.01157761  116.32116699]
[  40.01126862  116.32100677]
[  40.01112366  116.32105255]
[  22.21902275  113.54919434]
[  22.21590424  113.54948425]
[  22.16225243  113.55362701]
[  22.16243935  113.55354309]
[  22.16242218  113.55390167]
[  22.16235924  113.55319214]
[  22.16233635  113.55301666]
[  22.16229057  113.55300903]
[  22.16224098  113.55304718]
[  22.16210365  113.55304718]
[  22.16231155  113.55292511]
[  22.1624012   113.55280304]
[  22.16234016  113.55284119]
[  22.16230774  113.55303192]
[  22.16195107  113.55297089]
[  22.16228294  113.55313873]
[  22.16236877  113.55312347]
[  22.16231346  113.55327606]
[  22.16225052  113.55308533]
[  22.16228104  113.55310822]
[  22.16233635  113.55297852]
[  22.16228676  113.55309296]
[  22.16243362  113.55297852]
[  22.16223907  113.55313873]
[  40.00082779  116.32709503]
[  40.0005188   116.32688904]
[  40.00048447  116.32682037]
[  40.0007019   116.32693481]
[  40.00048828  116.32673645]
[  39.9976387   116.32683563]
[  40.00071335  116.32711792]
[  40.00049591  116.32693481]
[  40.00098801  116.32920837]
[  40.00046158  116.3269577 ]
[  40.01150131  116.32073212]
[  40.01152039  116.32118225]
[  40.01146317  116.32115173]
[  40.01158905  116.3210907 ]
[  40.0115242   116.32107544]
[  40.01138306  116.32107544]
[  40.01123047  116.32106018]
[  40.01147461  116.32113647]
[  40.01148987  116.32108307]
[  40.0114212   116.32106018]
[  40.01130676  116.32112122]
[  39.97674942  116.33692169]
[  39.97679901  116.3366394 ]
[  39.97623444  116.3363266 ]
[  39.97535324  116.3359375 ]
[  39.97457504  116.3354187 ]
[  39.97421265  116.33573914]
[  39.97520065  116.33307648]
[  39.97615051  116.33612823]
[  39.97618484  116.33615875]
[  39.97621918  116.33624268]
[  39.97616577  116.33590698]
[  39.97599411  116.33576965]
[  39.97599792  116.33608246]
[  39.97600937  116.33605957]
[  39.97605515  116.33603668]
[  39.975914    116.33615875]
[  39.97620392  116.33623505]
[  39.97666931  116.33695984]
[  39.97616959  116.33607483]
[  40.00061035  116.32659149]
[  39.99107742  116.33272552]
[  39.99624634  116.32910156]
[  39.99608994  116.32875824]
[  40.00982285  116.32276917]
[  40.00944519  116.32028198]
[  39.99112701  116.32736206]
[  40.00336838  116.31758118]
[  39.96120071  116.34020996]
[  39.98424149  116.34519196]
[  39.98362732  116.34541321]
[  39.98366165  116.34544373]
[  39.98409271  116.34522247]
[  39.98400497  116.3454895 ]
[  39.9805336   116.33982849]
[  39.8470192   116.28262329]
[  39.97922516  116.33891296]
[  39.98189545  116.34617615]
[  39.98183441  116.34622192]
[  39.98216629  116.34607697]
[  39.98186874  116.34622955]
[  39.98169708  116.34619904]
[  39.97580338  116.32757568]
[  39.95161438  116.3400116 ]
[  39.95156097  116.33808899]
[  39.97985077  116.3385849 ]
[  39.9811821   116.33998871]
[  39.98088837  116.3397522 ]
[  39.98114395  116.33983612]
[  39.98125076  116.33981323]
[  39.98134613  116.3392334 ]
[  39.98130798  116.33959961]
[  39.98121262  116.33979034]
[  39.98125458  116.33977509]
[  39.98121643  116.33969116]
[  39.98124313  116.33969116]
[  39.98141861  116.33841705]
[  39.98129654  116.33965302]
[  39.98134613  116.33966827]
[  39.98084259  116.3403244 ]
[  39.98126984  116.33982086]
[  39.98047638  116.34037018]
[  39.98086929  116.33781433]
[  39.94104767  115.98807526]
[  39.92509079  115.9985199 ]
[  39.92610168  115.99946594]
[  39.90671158  116.18660736]
[  39.90709305  116.18643951]
[  39.90719986  116.18643951]
[  39.97670746  116.33872986]
[  39.8130722   116.13890839]
[  39.98002243  116.3378067 ]
[  39.97516632  116.34117126]
[  39.97498703  116.34030914]
[  39.9751091  116.3401947]
[  39.98292542  116.3422699 ]
[  39.98299789  116.34217072]
[  39.98285675  116.34174347]
[  39.98258591  116.34166718]
[  39.97430038  116.33882904]
[  39.97998428  116.33746338]
[  39.95949936  116.36074829]
[  39.95933151  116.36081696]
[  40.56394958  116.6954422 ]
[  40.57956314  116.73178864]
[  39.98737717  116.32485962]
[  39.99118805  116.32896423]
[  39.98555756  116.33292389]
[  39.98559952  116.33273315]
[  39.97554016  116.33634186]
[  39.98051834  116.33895874]
[  39.98054886  116.33904266]
[  39.98052216  116.33895874]
[  39.98068237  116.33875275]
[  39.97939301  116.33873749]
[  40.0907402   116.11429596]
[  40.08923721  116.10096741]
[  40.0892067   116.10095215]
[  40.08759308  116.10425568]
[  40.08776093  116.10498047]
[  40.08857346  116.10504913]
[  40.08840942  116.10514069]
[  40.08828735  116.10523987]
[  39.98126221  116.34147644]
[  39.98125076  116.34127808]
[  39.9810791   116.34125519]
[  39.98177719  116.33496857]
[  39.97732925  116.33953094]
[  39.97903824  116.3388443 ]
[  39.97691727  116.33888245]
[  39.98100662  116.33966827]
[  39.98085403  116.34616852]
[  39.98478317  116.33815765]
[  40.0886879   116.10546875]
[  40.088974    116.10592651]
[  40.08899307  116.10586548]
[  39.98200607  116.35001373]
[  39.98200226  116.35015106]
[  39.98250961  116.35023499]
[  39.98060226  116.33892059]
[  40.08870316  116.10456085]
[  40.08863831  116.10457611]
[  40.08859253  116.104599  ]
[  40.08855438  116.10458374]
[  40.08865356  116.10456848]
[  40.08862305  116.1044693 ]
[  40.08856583  116.10456085]
[  39.98046494  116.33805084]
[  39.97747421  116.33971405]
[  39.98176193  116.34620667]
[  39.98031998  116.33792877]
[  39.98151016  116.34374237]
[  39.97669601  116.33930206]
[  39.98024368  116.33869934]
[  39.98055649  116.33892059]
[  40.08988953  116.0970993 ]
[  40.09059525  116.10497284]
[  40.09044647  116.09622955]
[  40.09038925  116.09635162]
[  39.98041916  116.33745575]
[  39.98025894  116.33753967]
[  39.98040009  116.33824158]
[  39.9775238   116.33995056]
[  39.9800148   116.35424805]
[  39.98204422  116.34688568]
[  39.98114395  116.34596252]
[  39.98138428  116.34597778]
[  39.98108292  116.34600067]
[  39.98038101  116.33969879]
[  39.9817276   116.33662415]
[  39.95239639  116.4098587 ]
[  39.95207214  116.4083252 ]
[  39.95155334  116.40718079]
[  39.95193481  116.40748596]
[  39.9533844   116.40778351]
[  39.98038864  116.35006714]
[  39.98161316  116.34584808]
[  39.9818306   116.34622192]
[  39.98114395  116.34592438]
[  39.98182678  116.34616089]
[  39.97542953  116.33860016]
[  39.51843643  116.70420074]
[  39.51805496  116.70401764]
[  39.5181427   116.70365143]
[  39.98314667  116.34642029]
[  39.98155594  116.34619904]
[  39.98057556  116.33869934]
[  39.98052216  116.34661865]
[  39.85037231  116.22060394]
[  39.84914017  116.21350098]
[  39.84898758  116.21225739]
[  39.98468018  116.30700684]
[  39.9849472   116.30509949]
[  39.99302673  116.30380249]
[  39.98831177  116.30464935]
[  39.89834213  116.39103699]
[  39.78688812  116.38050842]
[  39.78709793  116.38052368]
[  39.78709793  116.38063812]
[  39.97826004  116.3392334 ]
[  39.97824097  116.33924103]
[  39.97838974  116.33933258]
[  39.97829437  116.33940887]
[  39.97846985  116.33934021]
[  39.9804306   116.33927155]
[  39.98111343  116.33866119]
[  39.98101807  116.33853149]
[  39.98100281  116.33825684]
[  39.98041916  116.33963013]
[  39.98080826  116.33829498]
[  39.98104477  116.34223938]
[  39.98122787  116.34399414]
[  39.98038864  116.33557892]
[  39.97422028  116.30064392]
[  39.97441101  116.30052948]
[  39.97452164  116.30079651]
[  39.97455978  116.30082703]
[  39.98169708  116.32920074]
[  39.98155594  116.32815552]
[  39.98028946  116.32878113]
[  39.97870255  116.3263092 ]
[  39.97859573  116.32671356]
[  39.97873306  116.32662964]
[  39.98155594  116.32834625]
[  39.98175049  116.32905579]
[  39.9817276   116.32733917]
[  40.04425812  116.28575134]
[  40.04442978  116.28556061]
[  39.98015213  116.33152771]
[  39.9812355   116.33191681]
[  39.96583176  116.37458038]
[  39.95756149  116.35492706]
[  39.95773315  116.35505676]
[  39.95751953  116.35509491]
[  39.95740891  116.35495758]
[  40.00030136  116.41690063]
[  39.95244598  116.31324005]
[  39.95817947  116.3613205 ]
[  39.95849609  116.36121368]
[  39.98152542  116.32924652]
[  39.98162842  116.32915497]
[  39.98158646  116.32901764]
[  39.98146057  116.32940674]
[  39.99048615  116.33087158]
[  39.95405197  116.35731506]
[  39.94648361  116.36542511]
[  40.00041199  116.41679382]
[  40.00024033  116.41703033]
[  40.00046921  116.41672516]
[  39.94572449  116.36579132]
[  39.90291214  116.420784  ]
[  39.96023941  116.353508  ]
[  39.958004    116.35640717]
[  39.9811058   116.35375214]
[  39.89475632  116.37828827]
[  39.98085785  116.3294754 ]
[  39.98115158  116.32929993]
[  39.92444611  116.41121674]
[  39.92444611  116.41132355]
[  39.92434692  116.41130066]
[  39.9246521   116.41124725]
[  39.96358871  116.36464691]
[  39.96363068  116.3633728 ]
[  39.96380234  116.36443329]
[  39.95760727  116.35689545]
[  39.95804596  116.35723114]
[  39.95108795  116.359375  ]
[  39.95133591  116.35966492]
[  40.00264359  116.34431458]
[  40.00310898  116.34317017]
[  40.00235367  116.34304047]
[  40.0025177   116.34306335]
[  40.00018311  116.34293365]
[  39.99659348  116.32815552]
[  39.99669266  116.32939148]
[  39.9956398   116.32849884]
[  39.99542236  116.32865143]
[  39.99403     116.32756042]
[  39.99580765  116.32888031]
[  39.99572372  116.3287735 ]
[  39.99196243  116.32781982]
[  40.00222397  116.3429184 ]
[  39.96011734  116.35888672]
[  39.95970154  116.3589325 ]
[  39.95994186  116.35897064]
[  39.95928574  116.35903168]
[  39.96012878  116.35900116]
[  39.96026993  116.35894012]
[  40.00275803  116.34337616]
[  40.00247955  116.34320831]
[  40.00272369  116.34389496]
[  40.00294495  116.34380341]
[  40.00276947  116.34405518]
[  40.00272369  116.34389496]
[  40.00272751  116.34417725]
[  40.00269318  116.3441391 ]
[  40.00277328  116.34395599]
[  40.0026741   116.34399414]
[  39.9954071   116.32920837]
[  39.99531555  116.32936096]
[  39.99569702  116.32785797]
[  40.00257874  116.34314728]
[  40.00267029  116.34365845]
[  39.99785995  116.33728027]
[  39.99562073  116.32815552]
[  39.99578476  116.32837677]
[  40.00243378  116.34263611]
[  40.002491    116.34274292]
[  40.00248718  116.3441925 ]
[  40.0029068   116.34327698]
[  39.99555969  116.32893372]
[  40.00198746  116.34286499]
[  39.9919281   116.32990265]
[  39.99182892  116.32970428]
[  39.99084091  116.32931519]
[  40.00287628  116.34336853]
[  40.00291061  116.34384155]
[  40.00266647  116.34396362]
[  39.99157715  116.32938385]
[  39.99331284  116.32758331]
[  40.00256348  116.34304047]
[  40.00275421  116.34390259]
[  40.00268173  116.34350586]
[  40.00276566  116.34388733]
[  40.00267792  116.34389496]
[  40.00280762  116.34385681]
[  40.00278854  116.34377289]
[  40.00277328  116.34398651]
[  40.00276566  116.34407043]
[  40.00276566  116.34408569]
[  40.00277328  116.34410858]
[  40.00294495  116.34381104]
[  40.00281143  116.34385681]
[  40.00272751  116.34393311]
[  40.00283813  116.34381866]
[  40.00294876  116.34394073]
[  39.99543381  116.32791138]
[  39.9940834   116.32579803]
[  39.99564362  116.32792664]
[  39.99556732  116.3290329 ]
[  40.00276947  116.34391022]
[  40.00289917  116.34395599]
[  40.00287247  116.34386444]
[  40.00294495  116.34399414]
[  40.00288391  116.34398651]
[  40.00277328  116.34411621]
[  40.00312424  116.34397888]
[  40.00263214  116.34372711]
[  39.99539566  116.32807159]
[  39.99594879  116.33076477]
[  40.00341797  116.34515381]
[  40.00289536  116.34408569]
[  40.00286484  116.34404755]
[  39.99414825  116.33053589]
[  39.99576187  116.3287735 ]
[  40.00248337  116.34307861]
[  40.00258636  116.34433746]
[  40.00278473  116.34380341]
[  40.00273895  116.34384918]
[  40.00289154  116.34404755]
[  40.00274658  116.34385681]
[  40.00268936  116.34407043]
[  40.00282669  116.34394073]
[  40.00278854  116.34389496]
[  40.00281906  116.34394073]
[  40.00276184  116.34397888]
[  40.00279236  116.34394073]
[  40.00289536  116.34406281]
[  40.00265503  116.34326935]
[  40.00313187  116.34398651]
[  40.00288391  116.34396362]
[  40.00286484  116.34391022]
[  40.00303268  116.34386444]
[  39.90760803  116.24210358]
[  40.00308228  116.34342194]
[  40.00260925  116.34307861]
[  40.0029068   116.34357452]
[  40.00279617  116.34385681]
[  40.00312424  116.34406281]
[  40.00274277  116.34395599]
[  40.00268936  116.34433746]
[  39.99520111  116.32798004]
[  39.99298096  116.32991028]
[  39.99361038  116.32790375]
[  39.99537659  116.3283844 ]
[  39.99580002  116.32981873]
[  39.99578857  116.3289032 ]
[  39.99529648  116.32831573]
[  39.99597931  116.32946014]
[  39.99595261  116.32942963]
[  40.00296021  116.34379578]
[  40.00240707  116.3428421 ]
[  39.99362183  116.32772064]
[  39.99538803  116.32808685]
[  39.99610901  116.32901764]
[  39.99613953  116.32950592]
[  39.99620819  116.32955933]
[  39.99567032  116.3278656 ]
[  39.99558258  116.32788849]
[  39.99639511  116.32790375]
[  39.9958992   116.32791138]
[  39.99575424  116.32793427]
[  39.99563217  116.32793427]
[  39.99590683  116.32801056]
[  39.9958725   116.32819366]
[  39.99573517  116.32798767]
[  39.99565506  116.32814026]
[  39.99564743  116.32820892]
[  39.99581909  116.3282547 ]
[  39.99582672  116.32798767]
[  40.00291443  116.34368896]
[  40.00269318  116.34392548]
[  40.00281906  116.34369659]
[  40.00294113  116.3438797 ]
[  40.00282288  116.34414673]
[  40.0028038   116.34380341]
[  40.00217056  116.34306335]
[  40.00017548  116.34883881]
[  40.00066757  116.34857941]
[  40.00255966  116.34397888]
[  40.00263596  116.34397125]
[  40.00263596  116.34311676]
[  40.00274658  116.34334564]
[  40.00274658  116.34391785]
[  39.99555969  116.32922363]
[  39.99549866  116.32958221]
[  40.00269699  116.34394073]
[  40.00292206  116.34408569]
[  40.00267029  116.34463501]
[  40.0029335   116.34414673]
[  40.00284576  116.3440094 ]
[  40.00275421  116.3440094 ]
[  40.00271988  116.34420776]
[  40.00228882  116.34319305]
[  40.00331116  116.34418488]
[  40.00271988  116.34435272]
[  40.00264359  116.34388733]
[  40.00263596  116.34423828]
[  40.00297546  116.34402466]
[  40.0031662   116.34393311]
[  40.0027504   116.34384155]
[  40.00289917  116.34390259]
[  40.00287628  116.34395599]
[  40.0026741   116.34375763]
[  40.00272751  116.34377289]
[  40.0027771   116.34387207]
[  40.00274658  116.3438797 ]
[  40.00268555  116.34397888]
[  40.00262833  116.34397888]
[  40.00265121  116.34403992]
[  40.00273514  116.34407043]
[  40.00262833  116.34406281]
[  40.00271606  116.34403992]
[  40.00262451  116.34380341]
[  40.00276566  116.34389496]
[  40.00269318  116.34410095]
[  40.00267029  116.3441391 ]
[  40.00309372  116.34390259]
[  40.00274658  116.34411621]
[  40.00296021  116.34403992]
[  40.00305176  116.34396362]
[  40.00288391  116.34399414]
[  40.00278473  116.34403229]
[  40.00292969  116.34387207]
[  40.00203705  116.34298706]
[  40.00256729  116.34429169]
[  40.00270844  116.34398651]
[  40.00242615  116.3438797 ]
[  40.00285339  116.34403229]
[  40.00294876  116.34398651]
[  40.00309372  116.34416199]
[  40.00240326  116.34443665]
[  40.00271988  116.34429169]
[  40.00366592  116.34270477]
[  40.0030632   116.34381104]
[  40.0027771   116.34411621]
[  40.00270462  116.34404755]
[  39.99131393  116.32959747]
[  40.00300217  116.34391022]
[  40.00279617  116.34410095]
